928
118 70
677 396
10 2
177 221
156 761
157 650
392 243
556 600
481 660
10 123
485 447
688 517
421 343
52 238
510 437
299 42
147 541
476 532
786 837
339 466
682 234
11 68
880 433
297 775
349 229
720 18
236 355
733 64
195 483
587 161
112 29
699 23
793 388
29 101
284 646
48 6
522 412
207 193
156 217
359 93
346 550
544 77
346 19
506 811
34 13
457 419
61 179
440 635
545 622
567 125
856 294
295 78
767 816
278 651
583 102
423 30
145 132
84 605
420 104
875 897
727 259
223 264
905 244
303 656
746 23
184 26
3 6
73 97
455 226
262 154
149 463
219 1
437 114
4 64
514 523
298 447
794 249
348 862
107 100
417 163
372 286
492 443
247 59
2 13
676 552
186 332
646 708
127 548
270 795
53 95
449 606
290 341
908 266
212 253
594 220
65 8
32 196
742 28
67 569
534 494
110 50
848 64
168 257
769 103
239 250
461 917
597 294
835 83
362 92
56 19
274 114
216 743
164 467
337 97
526 40
91 275
25 98
10 615
365 249
292 343
92 16
238 473
245 186
44 491
157 388
667 740
585 497
57 684
551 483
279 204
303 34
106 52
40 43
332 870
29 166
452 503
16 13
321 638
294 84
204 68
418 402
822 485
98 200
454 561
176 309
331 259
866 723
249 469
390 171
707 636
333 187
422 13
14 86
370 14
73 88
3 25
2 288
799 114
319 488
165 186
565 516
312 399
8 19
285 542
333 692
67 85
864 563
146 752
597 802
203 187
175 93
101 161
873 25
904 496
49 59
230 97
54 776
55 193
617 173
99 24
139 58
753 191
215 87
61 18
43 71
15 23
629 435
20 11
159 906
113 809
263 494
310 818
376 70
82 49
11 8
201 22
83 489
912 761
515 414
506 106
86 913
266 524
869 807
55 14
197 442
395 284
340 30
19 406
320 111
102 590
246 35
738 441
554 28
603 312
576 875
144 102
884 541
426 193
248 108
25 197
152 480
30 259
392 774
357 556
360 292
327 244
53 539
430 422
527 455
685 663
640 778
715 436
37 348
265 456
51 127
419 627
924 904
716 479
207 211
84 79
520 252
50 570
210 285
117 97
158 642
296 460
374 108
502 127
317 734
24 15
126 584
75 150
101 136
484 666
618 430
371 396
71 393
662 534
7 38
89 528
51 189
910 748
73 771
44 100
265 199
764 834
667 307
74 281
218 55
808 185
380 29
90 102
10 12
67 28
256 270
397 55
166 535
327 521
44 335
182 67
31 36
536 566
132 187
75 697
30 94
448 232
849 714
788 754
5 57
84 770
10 35
364 815
180 268
602 252
83 654
821 872
169 477
297 218
22 353
471 903
249 639
449 337
67 124
868 574
69 34
450 262
362 493
658 88
113 75
620 277
308 7
361 901
8 2
651 892
394 429
66 26
443 282
558 330
7 9
53 867
394 345
190 330
180 409
730 602
42 236
9 17
353 831
170 507
145 298
146 533
137 232
141 143
754 733
928 490
22 5
250 757
21 632
366 739
125 30
577 735
637 188
679 844
366 123
149 176
920 275
163 840
706 13
190 324
458 331
759 871
81 57
319 72
103 490
574 436
327 726
922 409
126 15
135 167
269 29
291 286
241 34
18 177
86 216
385 672
404 140
74 205
534 614
28 475
283 147
709 567
673 20
155 623
21 30
96 624
513 499
256 109
883 79
760 311
861 887
48 391
89 138
173 61
225 243
478 608
633 252
772 318
233 67
476 149
659 238
278 344
694 289
30 31
363 126
54 87
705 24
863 317
782 228
190 352
823 361
918 352
424 266
25 160
786 647
543 451
362 508
117 755
177 181
857 806
279 764
310 453
98 495
336 595
915 330
417 432
157 860
54 500
722 216
52 604
405 487
116 552
729 314
2 312
135 683
916 702
381 282
88 700
796 710
454 19
168 45
411 379
80 405
348 553
25 114
746 773
28 351
333 560
2 3
828 378
322 116
128 120
156 50
25 40
406 593
383 199
478 563
21 750
3 886
31 206
29 5
299 462
252 122
278 212
273 147
39 115
511 499
900 898
689 94
577 316
39 5
254 57
755 885
42 293
718 689
100 137
469 598
157 725
26 28
32 1
853 881
37 16
433 395
537 459
655 686
273 671
75 73
453 509
419 921
345 470
291 497
821 107
12 58
283 792
164 237
59 72
242 41
277 385
97 120
138 169
244 33
104 152
12 18
69 504
104 227
19 229
239 165
351 571
165 164
282 162
568 296
133 24
38 505
99 361
49 334
416 72
199 744
90 50
62 19
719 547
386 255
636 434
90 121
645 119
111 375
589 291
136 266
414 12
134 194
567 717
190 225
171 158
395 446
49 46
44 16
296 192
8 27
838 356
810 314
163 139
109 223
664 633
135 807
329 1
481 357
31 711
679 544
280 129
207 514
98 140
148 42
415 146
63 342
819 464
34 119
766 181
1 53
368 701
644 273
16 876
116 37
154 445
619 347
164 50
797 462
793 896
311 265
56 131
284 229
7 214
21 5
564 8
307 291
845 624
258 109
824 833
91 39
4 559
634 284
538 406
578 408
115 141
79 93
647 6
545 830
512 160
401 297
258 464
66 373
368 175
698 470
339 97
882 770
704 159
105 47
163 438
130 28
470 803
679 804
53 403
728 244
17 222
629 783
562 4
320 452
212 159
389 99
631 447
14 10
424 435
205 829
219 859
174 124
30 188
142 674
78 607
806 133
345 749
456 576
596 39
898 380
547 226
902 244
13 317
529 43
4 103
874 72
219 517
41 7
525 480
33 96
580 240
497 586
21 111
190 314
330 668
814 548
190 127
703 758
2 4
93 610
540 601
250 428
516 507
2 379
95 358
652 570
34 46
628 111
26 6
36 78
117 153
83 263
95 575
839 394
478 721
417 759
710 680
555 310
197 336
383 439
19 276
167 787
486 588
286 268
272 207
254 484
118 305
23 135
66 89
734 907
553 855
344 501
50 14
83 14
129 879
251 3
258 791
129 2
926 581
693 557
499 105
26 338
639 925
177 195
361 549
320 356
411 665
382 127
157 318
712 851
865 510
530 171
210 226
471 536
777 801
278 413
224 813
208 220
357 198
131 235
441 378
790 861
150 434
449 468
479 891
713 53
351 893
80 57
231 214
121 147
919 613
261 69
402 82
103 696
290 289
350 190
77 157
301 592
425 330
203 498
5 159
305 691
468 702
355 663
47 51
655 630
50 191
670 888
267 67
147 310
843 331
234 182
471 125
5 2
82 540
676 695
847 827
446 909
262 756
155 678
465 10
192 185
302 14
854 640
21 170
504 889
640 767
14 271
265 853
369 277
112 260
557 521
40 42
640 300
210 49
36 444
73 3
177 723
9 108
832 552
35 77
434 858
321 246
737 850
255 367
213 852
43 209
2 7
202 118
496 182
775 812
57 172
322 323
842 277
630 368
33 472
609 347
769 836
519 379
736 914
374 911
598 690
412 410
162 14
60 70
175 354
86 649
49 878
99 158
44 661
179 300
591 171
507 820
572 46
345 166
777 90
493 669
35 52
316 105
175 478
52 151
491 687
183 174
100 287
31 54
326 737
146 37
38 313
24 45
267 486
301 117
74 877
161 653
817 124
142 104
434 741
681 666
224 6
611 211
180 110
674 780
47 3
325 135
326 256
346 427
899 830
199 1
1 2
625 540
117 178
59 122
122 377
277 518
763 700
8 292
400 250
408 117
222 387
541 613
599 574
104 88
139 410
390 431
11 149
144 154
378 244
779 226
632 826
63 46
612 142
583 680
560 643
111 825
277 95
104 213
841 253
459 210
765 53
395 675
361 440
