843
505 40
43 318
38 153
131 89
76 186
610 290
95 452
751 100
323 4
167 55
4 7
582 93
68 6
106 797
148 3
815 3
331 551
22 46
134 105
24 1
13 16
319 144
267 70
221 434
236 453
784 410
648 364
222 307
239 215
2 10
32 43
489 822
527 40
399 219
445 628
27 16
212 160
135 248
471 17
711 22
209 669
123 25
1 3
38 44
252 518
594 418
521 225
714 81
324 550
545 383
50 100
8 566
297 184
510 587
739 316
142 118
26 57
19 413
278 704
208 71
255 8
583 3
39 37
741 223
199 7
667 834
36 56
118 54
279 40
818 779
825 552
320 817
80 32
390 449
426 506
476 665
272 503
804 28
200 14
620 527
89 36
574 544
484 576
21 91
214 203
456 51
90 419
659 727
454 22
248 577
574 664
411 410
732 212
36 654
120 96
724 321
83 264
93 807
429 10
341 360
2 837
277 249
59 294
330 710
17 25
252 500
32 24
137 442
14 114
5 313
169 715
14 150
174 339
50 33
765 595
493 263
91 109
762 251
174 34
35 30
261 706
168 529
183 418
580 298
122 87
39 467
484 468
87 169
173 84
40 799
627 621
423 155
68 96
111 53
722 197
624 7
127 111
683 613
465 339
206 479
335 593
283 214
47 599
645 702
649 161
12 519
424 164
141 62
304 139
202 43
167 218
803 448
418 508
262 350
687 203
101 64
376 103
77 210
266 280
675 351
276 251
503 671
441 369
592 201
209 108
598 725
83 176
678 792
698 180
291 677
510 333
25 393
244 115
165 415
29 17
189 263
541 16
223 129
261 278
41 408
573 420
63 282
640 564
320 581
222 431
153 603
662 630
660 6
241 235
522 378
39 63
87 37
357 840
539 146
126 48
694 360
79 121
256 417
179 689
337 239
64 13
87 152
444 450
302 691
36 168
364 271
109 316
111 139
35 559
428 140
641 307
192 383
313 650
36 192
395 232
28 836
8 98
288 111
125 568
666 14
93 203
90 43
40 35
230 407
809 21
77 103
553 416
36 16
33 29
446 448
329 721
349 709
258 138
58 92
257 216
530 304
349 62
390 412
232 65
382 3
53 22
453 656
678 273
774 635
5 285
735 327
569 286
202 562
91 211
342 52
160 226
92 204
327 144
106 757
93 221
128 66
324 239
193 75
52 137
476 396
171 533
65 812
742 826
293 99
331 175
4 260
141 243
126 171
72 161
85 143
9 266
477 301
466 31
168 748
756 388
84 80
88 93
127 289
390 682
359 111
183 371
486 819
224 112
647 684
73 181
100 286
1 28
60 52
118 695
214 548
162 48
464 203
531 270
38 104
763 218
53 290
287 76
5 2
108 166
555 462
13 196
38 125
47 391
38 41
22 75
44 67
643 781
48 498
455 422
15 326
246 31
224 234
417 595
361 238
42 29
32 132
17 136
310 58
662 719
107 631
488 249
671 814
405 384
696 152
217 67
421 250
301 7
42 796
754 572
414 217
30 94
155 66
37 178
308 183
163 674
542 63
707 1
319 609
372 239
122 299
138 122
699 358
608 409
12 462
552 334
228 132
36 102
427 249
20 314
296 130
348 590
153 206
604 777
606 232
8 21
308 787
197 261
315 277
6 116
76 230
514 193
197 153
398 308
251 523
475 502
133 130
382 511
242 211
705 263
355 116
325 136
107 485
839 711
835 503
253 71
700 686
74 31
82 340
370 348
563 242
609 636
94 497
317 225
343 69
57 82
195 262
130 68
546 287
403 152
524 420
31 124
128 215
143 410
225 425
5 19
179 52
23 4
1 11
532 458
437 337
438 363
406 764
225 392
222 193
406 470
346 54
11 22
99 348
589 13
692 677
251 426
187 281
325 788
655 810
143 613
38 23
95 517
95 312
564 235
274 367
130 251
746 95
15 17
291 92
95 8
18 622
28 397
66 220
140 400
304 571
35 52
187 269
306 770
1 2
756 805
549 87
640 801
4 15
615 603
663 269
503 717
10 351
268 621
235 216
355 813
512 690
81 57
311 269
268 651
86 643
723 488
460 338
190 139
473 243
720 27
798 215
365 135
75 436
201 11
211 536
738 381
91 219
353 137
565 59
607 681
789 84
468 290
689 793
487 277
248 435
69 743
673 636
732 831
525 205
235 544
240 222
795 504
14 49
145 558
579 680
387 445
512 370
827 106
180 145
70 105
15 644
377 179
260 761
412 791
20 13
144 70
554 346
440 373
643 716
635 150
335 152
13 638
759 598
369 295
597 512
188 175
516 384
629 480
55 172
13 233
241 496
565 843
767 242
829 325
164 57
1 838
2 13
668 305
755 694
181 676
473 567
352 298
513 65
557 344
111 828
70 47
501 121
115 74
526 790
14 12
285 672
143 177
48 4
737 157
62 24
483 372
823 798
349 401
71 140
146 35
373 535
577 601
385 306
434 775
155 463
9 12
303 120
769 84
32 273
668 708
225 18
598 330
345 255
362 270
57 745
274 306
526 326
113 145
832 624
191 83
389 177
332 290
538 833
66 51
147 126
22 356
185 38
530 778
841 577
686 456
123 321
519 547
151 52
154 48
278 390
107 52
432 264
726 347
77 57
4 1
153 747
117 2
5 8
420 43
402 360
127 170
21 238
474 285
31 17
645 371
16 184
820 87
30 26
480 261
298 56
375 266
98 302
54 39
252 103
617 469
771 558
215 734
406 50
205 139
623 3
18 13
614 391
461 783
121 322
703 96
39 216
475 106
49 175
525 625
111 572
503 749
26 23
499 679
365 537
45 189
607 231
231 211
213 99
295 561
42 357
785 39
374 97
824 122
509 91
34 13
4 659
330 458
575 148
388 199
238 249
229 338
47 156
45 300
56 492
381 331
543 731
495 402
800 664
214 446
295 36
106 97
165 40
486 463
9 3
53 69
627 697
124 237
647 104
8 250
45 457
135 69
187 157
575 652
28 713
39 71
341 227
206 670
604 348
50 149
23 99
226 245
112 744
565 693
584 642
164 373
182 646
35 72
619 191
61 59
148 320
284 213
329 325
24 113
363 323
228 688
728 494
130 247
106 733
333 266
105 482
347 191
489 409
463 491
706 772
830 612
515 27
63 65
154 368
736 499
73 328
28 354
235 499
647 655
632 462
265 180
760 323
433 626
274 38
88 611
160 36
543 425
330 240
256 238
234 386
532 612
416 45
490 718
438 816
252 507
469 195
23 58
780 222
70 159
677 740
433 398
101 195
270 141
25 108
174 753
233 634
336 74
102 163
284 618
579 204
110 112
329 394
808 566
443 306
35 45
481 67
300 494
794 31
396 288
449 451
387 289
59 1
588 25
570 464
308 786
41 51
358 59
255 292
272 155
2 73
366 32
198 91
335 379
27 129
602 465
406 585
409 304
526 586
271 11
584 164
227 117
146 378
444 114
97 35
86 74
538 403
701 662
182 86
379 605
5 47
504 8
712 78
539 578
384 361
600 324
38 268
194 149
183 50
461 37
591 421
575 782
633 368
596 288
119 344
92 259
439 390
88 24
430 556
142 534
58 334
768 230
275 758
16 207
75 459
36 55
66 404
295 528
157 113
472 452
384 422
14 110
